
% Here, 
%   13 is bands forming, late 13 is bands formed
%   14a is closing
%   14b is mostly closed but not fully
%   15a is after closure
%   15b is after/during first fold

% 0: tub67;tub15
% 0.1: 48YGAL4 (no UAS)
% 0.2: 48YGAL4 klar x UAS-CAAX mCh
% 0.3: mef2Gal4 (no UAS)
% 0.4: UAS-SERCA (no GAL4)
% 1: tub67;tub15 x UAS-MLCK RNAi TRiP#4
% 2: mef2G4klar x UAS-SERCA.R751Q

%202107211653: 67;15 x MLCK RNAi #4 (TRiP 20) 37 for 45min
% 0 --> WT
% 1 --> disrupted but folds
% 2 --> incomplete Fold
% 3 --> missing one Fold
% 4 --> missing two folds
% 5 --> missing all folds
% 6 --> no gut closure
% 7 --> dead before folds
% x --> did not finish/ cannot interpret
x = 100 ;
scoreLowerLimit = 1 ;
scoreUpperLimit = 6 ;


% 202107291353 1 hr 37C 2 min /frame -- SERCA (1) mixed with 48YCAAX (0.2)
serca_stage_result_1hr = [...
    202107291353, 1, 2, 13,  0; ... %e1
    202107291353, 2, 0.2, 13, 0; ...
    202107291353, 3, 2, 14.1, 0; ...
    202107291353, 4, 0.2, 14.1, 0; ...
    202107291353, 5, 2, 16.1, 0; ...% e5
    202107291353, 6, 0.2, 16.1, 0; ...
    202107291353, 7, 2, 15.1, 3; ...   % e7 disrupted
    202107291353, 8, 0.2, 15.1, 0; ...
    202107291353, 9, 2, 17, 0; ... %e9
    202107291353, 10, 2, 17.1, 0; ...
    202107291353, 11, 2, 17.2, 0; ...
    202107291353, 12, 0.2, 15.1, 0; ...
    202107291353, 13, 0.2, 14.1, 0; ...
    202107291353, 14, 2, 13, 0; ...
    202107291353, 15, 0.2, 14, 0; ...
    ];

%% CONTINUOUS 37C heatshock

% Date, EmbryoID, Genotype, Stage, Result
date = 1 ;
embryoID = 2 ; 
genotype = 3 ;
stage = 4;
score = 5; 
serca_stage_result_continuous = [...
    ... % 202107292013 continuous 37C 2 min /frame mef2G4kSERCA.R751Q and 48YG4kCAAXmCh
202107292013, 1, 2, 14.2, 3 ; ... %e1
202107292013, 2, 2, 14.2, 5; ...
202107292013, 3, 2, 13, 4; ...
202107292013, 4, 0.2, 13, 0; ...
202107292013, 5, 0.2, 13, 1; ...% e5 --> all folds present but middle fold is late (simultaneous) so shape is upset
202107292013, 6, 0.2, 14.1, 0; ...
202107292013, 7, 0.2, 15.12, 0; ...   % e7 
202107292013, 8, 0.2, 14.2, 3; ...  % e8
202107292013, 9, 0.2, 15.1, 0; ... %e9
    ...  % 202107301429 continuous 37C 2 min /frame mef2G4kSERCA.R751Q and 48YG4kCAAXmCh
202107301429, 1, 0.2, 14.1, 4; ... %e1
202107301429, 2, 0.2, 15.1, 0;... % e2
202107301429, 3, 0.2, 15.1, 0; ... %e3 
202107301429, 4, 0.2, 13, 1 ; ... %e4
202107301429, 5, 0.2, 15, 7 ; ...
202107301429, 6, 2, 15.1, 0; ...
202107301429, 7, 0.2, 15.1, 0; ...
202107301429, 8, 2, 15.1, 0 ; ... % e8
202107301429, 9, 2, 13, 3; ... %e9
202107301429, 10, 0.2, 13, 2; ...
202107301429, 11, 0.2, 14.1, 7;...
... % 202108030034 Broida 48YG4kxUASCAAXmCh table: date, embryoID, genotype, result
202108030034, 1, 0.2, , ;...
202108030034, 2, 0.2, , ;...
202108030034, 3, 0.2, , ;...
202108030034, 4, 0.2, , ;...
202108030034, 5, 0.2, , ;...
202108030034, 6, 0.2, , ;...
202108030034, 7, 0.2, , ;...
202108030034, 8, 0.2, 13, 1;...  % z3
202108030034, 9, 0.2, 13, 5;...
202108030034, 10, 0.2, 13, 5?;...
202108030034, 11, 0.2, , ;...
202108030034, 12, 0.2, , ;...
202108030034, 13, 0.2, , ;...
202108030034, 14, 0.2, 14.2, 4;...
202108030034, 15, 0.2, 16.1, 0;...
202108030034, 16, 0.2, , ;...
202108030034, 17, 0.2, , ;...
202108030034, 18, 0.2, , ;...
202108030034, 19, 0.2, 15.1, 0;...   % < --- poster frame 15a
202108030034, 20, 0.2, , ;...
202108030034, 21, 0.2, , ;...
202108030034, 22, 0.2, , ;...
202108030034, 23, 0.2, , ;...
202108030034, 24, 0.2, , ;...
202108030034, 25, 0.2, , ;...
202108030034, 26, 0.2, , ;...
202108030034, 27, 0.2, , ;...
202108030034, 28, 0.2, , ;...
202108030034, 29, 0.2, , ;...
202108030034, 30, 0.2, , ;...
202108030034, 31, 0.2, , ;...
202108030034, 32, 0.2, , ;...
202108030034, 33, 0.2, , ;...
202108030034, 34, 0.2, , ;...
202108030034, 35, 0.2, , ;...
202108030034, 36, 0.2, , ;...
202108030034, 37, 0.2, , ;...
202108030034, 38, 0.2, , ;...
202108030034, 39, 0.2, , ;...
202108030034, 40, 0.2, , ;...
202108030034, 41, 0.2, , ;...
202108030034, 42, 0.2, , ;...
202108030034, 43, 0.2, , ;...
202108030034, 44, 0.2, , ;...
202108030034, 45, 0.2, , ;...
202108030034, 46, 0.2, , ;...
202108030034, 47, 0.2, , ;...
];

serca_stage_result_3p5hrs37C = [serca_stage_result_continuous; ...
... % 20210720 -- 3.5 hrs at 37C
20210720, 1, 2, 15.1, 0;...  %e1         
20210720, 2, 2, 16.1, 0;...  %e2                 
20210720, 3, 2, 16.1, 0;...  %e3                 
20210720, 4, 2, 16.1, 0;...  %e4                 
20210720, 5, 2, 15.1, 1;...  %e5                 
20210720, 6, 2, 13, 5 ;...    %e6                 
20210720, 7, 2, 13, 5 ;...    %e7    <---- check what happened             
20210720, 8, 2, 10, x;...    %e8  --> ends at 12         
20210720, 9, 2, 10, x;...    %e9  --> ends at 12          
20210720, 10, 2, 11, x;...    %e10 --> ends at 13  
20210720, 11, 2, 12, x;...    %e11 --> ends at 13    
20210720, 12, 2, 11, 3;...    %e12 --> ends at 14 <-- misses middle fold at 25C hrs later
20210720, 13, 2, 10, x;...    %e13 --> ends at 12            
20210720, 14, 2, 11, x;...    %e14 --> ends at 13
20210720, 15, 2, 13.2, x;...  %e15 -> ends at 15.a
20210720, 16, 2, 12, x;...    %e16 --> ends at 14
...  % 202108021250 -- 3.5 hrs at 37C --> I have the timetrace of the temperature for this one!! one line per 2 seconds
202108021250, 1, 2, 13.2, 5;     % no folds until HS ends, but then folds somewhat
202108021250, 2, 2, 16.1, 0;
202108021250, 3, 2, 16.1, 0;
202108021250, 4, 2, 16.2, 0;
202108021250, 5, 2, 15.1, 3;     % e5
202108021250, 6, 2, 13.2, 5;     % forms all folds after HS
202108021250, 7, 2, 13.1, 5;     % forms posterior fold after HS
202108021250, 8, 2, 13.2, 5; 
202108021250, 9, 2, 15.1, 4; 
202108021250, 10, 2, 14, 4;       % e10
202108021250, 11, 2, 10, x;
202108021250, 12, 2, 13, 5; 
202108021250, 13, 2, 15.1, 3;    % e13
202108021250, 14, 2, 13.2, 5;
202108021250, 15, 2, 14, 2;       % two folds incomplete, really all incomplete
202108021250, 16, 2, 16.1, 0;
202108021250, 17, 2, 13, 3;
202108021250, 18, 2, 14.2, 2;
202108021250, 19, 2, 15.1, 2;
202108021250, 20, 2, 15.1, 4;
202108021250, 21, 2, 15.1, 4; 
202108021250, 22, 2, 15.1, 3;
202108021250, 23, 2, 14, 5;
202108021250, 24, 2, 13, 5;
202108021250, 25, 2, 13, 5;
202108021250, 26, 2, 15.1, 0;
202108021250, 27, 2, 13, 5;
202108021250, 28, 2, 13, 5;
202108021250, 29, 2, 15.1, 0;
202108021250, 30, 2, 13, 4;
202108021250, 31, 2, 13, 5;
202108021250, 32, 2, 14, 5;
202108021250, 33, 2, 15.1, 5;
202108021250, 34, 2, 15.1, 3; % completely missing anterior fold 
202108021250, 35, 2, 15.2, 3;
202108021250, 36, 2, 14.2, 5;
202108021250, 37, 2, 14.1, 5;
202108021250, 38, 2, 14, 3; 
202108021250, 39, 2, 14, 3;
202108021250, 40, 2, 13, 5;
202108021250, 41, 2, 13, 5;
202108021250, 42, 2, 15.1, 0; % "Odd" folds
202108021250, 43, 2, 15.2, 0; 
202108021250, 44, 2, 13, 5;
202108021250, 45, 2, 15.1, 0;
202108021250, 46, 2, 15.1, 5;  % strikingly folds post HS
202108021250, 47, 2, 13, 5;
    ]; ...
    
    
